1.860000000000000000e+02 5.510000000000000000e+02
1.780000000000000000e+02 5.420000000000000000e+02
1.760000000000000000e+02 5.330000000000000000e+02
1.640000000000000000e+02 5.190000000000000000e+02
1.620000000000000000e+02 5.020000000000000000e+02
1.520000000000000000e+02 4.870000000000000000e+02
1.490000000000000000e+02 4.760000000000000000e+02
1.440000000000000000e+02 4.690000000000000000e+02
1.440000000000000000e+02 4.590000000000000000e+02
1.420000000000000000e+02 4.400000000000000000e+02
1.360000000000000000e+02 4.290000000000000000e+02
1.350000000000000000e+02 4.170000000000000000e+02
1.340000000000000000e+02 3.940000000000000000e+02
1.340000000000000000e+02 3.760000000000000000e+02
1.340000000000000000e+02 3.650000000000000000e+02
1.360000000000000000e+02 3.490000000000000000e+02
1.440000000000000000e+02 3.200000000000000000e+02
1.510000000000000000e+02 3.080000000000000000e+02
1.520000000000000000e+02 2.940000000000000000e+02
1.610000000000000000e+02 2.750000000000000000e+02
1.710000000000000000e+02 2.640000000000000000e+02
1.790000000000000000e+02 2.490000000000000000e+02
1.860000000000000000e+02 2.350000000000000000e+02
2.030000000000000000e+02 2.160000000000000000e+02
2.210000000000000000e+02 2.040000000000000000e+02
2.370000000000000000e+02 1.910000000000000000e+02
2.710000000000000000e+02 1.770000000000000000e+02
2.910000000000000000e+02 1.580000000000000000e+02
3.040000000000000000e+02 1.540000000000000000e+02
3.390000000000000000e+02 1.480000000000000000e+02
3.660000000000000000e+02 1.420000000000000000e+02
3.890000000000000000e+02 1.380000000000000000e+02
4.250000000000000000e+02 1.380000000000000000e+02
4.450000000000000000e+02 1.430000000000000000e+02
4.620000000000000000e+02 1.480000000000000000e+02
4.900000000000000000e+02 1.530000000000000000e+02
5.050000000000000000e+02 1.600000000000000000e+02
5.350000000000000000e+02 1.710000000000000000e+02
5.600000000000000000e+02 1.940000000000000000e+02
5.780000000000000000e+02 2.140000000000000000e+02
5.930000000000000000e+02 2.210000000000000000e+02
6.050000000000000000e+02 2.380000000000000000e+02
6.130000000000000000e+02 2.520000000000000000e+02
6.230000000000000000e+02 2.630000000000000000e+02
6.270000000000000000e+02 2.730000000000000000e+02
6.420000000000000000e+02 2.970000000000000000e+02
6.510000000000000000e+02 3.180000000000000000e+02
6.540000000000000000e+02 3.350000000000000000e+02
6.620000000000000000e+02 3.540000000000000000e+02
6.620000000000000000e+02 3.800000000000000000e+02
6.600000000000000000e+02 4.120000000000000000e+02
6.570000000000000000e+02 4.300000000000000000e+02
6.540000000000000000e+02 4.520000000000000000e+02
6.520000000000000000e+02 4.660000000000000000e+02
6.420000000000000000e+02 4.860000000000000000e+02
6.380000000000000000e+02 5.030000000000000000e+02
6.270000000000000000e+02 5.200000000000000000e+02
6.190000000000000000e+02 5.340000000000000000e+02
