2.630000000000000000e+02 6.140000000000000000e+02
2.240000000000000000e+02 5.820000000000000000e+02
1.940000000000000000e+02 5.410000000000000000e+02
1.730000000000000000e+02 4.920000000000000000e+02
1.590000000000000000e+02 4.400000000000000000e+02
1.590000000000000000e+02 3.840000000000000000e+02
1.700000000000000000e+02 3.340000000000000000e+02
1.910000000000000000e+02 2.870000000000000000e+02
2.190000000000000000e+02 2.420000000000000000e+02
2.630000000000000000e+02 2.100000000000000000e+02
3.050000000000000000e+02 1.800000000000000000e+02
3.550000000000000000e+02 1.670000000000000000e+02
4.060000000000000000e+02 1.590000000000000000e+02
4.620000000000000000e+02 1.730000000000000000e+02
5.130000000000000000e+02 1.930000000000000000e+02
5.600000000000000000e+02 2.270000000000000000e+02
5.940000000000000000e+02 2.710000000000000000e+02
6.200000000000000000e+02 3.250000000000000000e+02
6.320000000000000000e+02 3.780000000000000000e+02
6.320000000000000000e+02 4.380000000000000000e+02
6.170000000000000000e+02 4.980000000000000000e+02
5.890000000000000000e+02 5.480000000000000000e+02
5.450000000000000000e+02 5.970000000000000000e+02
